version https://git-lfs.github.com/spec/v1
oid sha256:1df8048b45dc3185059a4b421e0604dfbda646f1c1ad8456f81d1879686f0297
size 483972401
